/*--------------------------------*- C++ -*----------------------------------*\
| =========                 |                                                 |
| \\      /  F ield         | OpenFOAM: The Open Source CFD Toolbox           |
|  \\    /   O peration     | Version:  3.0.1                                 |
|   \\  /    A nd           | Web:      www.OpenFOAM.org                      |
|    \\/     M anipulation  |                                                 |
\*---------------------------------------------------------------------------*/
FoamFile
{
    version     2.0;
    format      ascii;
    class       faceSet;
    location    "constant/polyMesh/sets";
    object      coFlowPatchFaces;
}
// * * * * * * * * * * * * * * * * * * * * * * * * * * * * * * * * * * * * * //


884
(
632832 
632833 
632834 
632835 
632836 
632837 
632838 
632839 
632840 
632841 
632842 
632843 
632844 
632845 
632846 
632847 
632848 
632849 
632850 
632851 
632852 
632853 
632854 
632855 
632856 
632857 
632858 
632859 
632860 
632861 
632862 
632863 
632864 
632865 
632866 
632867 
632868 
632869 
632870 
632871 
632872 
632873 
632874 
632875 
632876 
632877 
632878 
632879 
632880 
632881 
632882 
632883 
632884 
632885 
632886 
632887 
632888 
632889 
632890 
632891 
632892 
632893 
632894 
632895 
632896 
632897 
632898 
632899 
632900 
632901 
632902 
632903 
632904 
632905 
632906 
632907 
632908 
632909 
632910 
632911 
632912 
632913 
632914 
632915 
632916 
632917 
632918 
632919 
632920 
632921 
632922 
632923 
632924 
632925 
632926 
632927 
632928 
632929 
632930 
632931 
632932 
632933 
632934 
632935 
632936 
632937 
632938 
632939 
632940 
632941 
632942 
632943 
632944 
632945 
632946 
632947 
632948 
632949 
632950 
632951 
632952 
632953 
632954 
632955 
632956 
632957 
632958 
632959 
632960 
632961 
632962 
632963 
632964 
632965 
632966 
632967 
632968 
632969 
632970 
632971 
632972 
632973 
632974 
632975 
632976 
632977 
632978 
632979 
632980 
632981 
632982 
632983 
632984 
632985 
632986 
632987 
632988 
632989 
632990 
632991 
632992 
632993 
632994 
632995 
632996 
632997 
632998 
632999 
633000 
633001 
633002 
633003 
633004 
633005 
633006 
633007 
633008 
633009 
633010 
633011 
633012 
633013 
633014 
633015 
633016 
633017 
633018 
633019 
633020 
633021 
633022 
633023 
633024 
633025 
633026 
633027 
633028 
633029 
633030 
633031 
633032 
633033 
633034 
633035 
633036 
633037 
633038 
633039 
633040 
633041 
633042 
633043 
633044 
633045 
633046 
633047 
633048 
633049 
633050 
633051 
633052 
633053 
633054 
633055 
633056 
633057 
633058 
633059 
633060 
633061 
633062 
633063 
633064 
633065 
633066 
633067 
633068 
633069 
633070 
633071 
633072 
633073 
633074 
633075 
633076 
633077 
633078 
633079 
633080 
633081 
633082 
633083 
633084 
633085 
633086 
633087 
633088 
633089 
633090 
633091 
633092 
633093 
633094 
633095 
633096 
633097 
633098 
633099 
633100 
633101 
633102 
633107 
633108 
633109 
633110 
633111 
633112 
633113 
633114 
633115 
633116 
633117 
633118 
633119 
633120 
633121 
633122 
633123 
633124 
633125 
633126 
633127 
633128 
633129 
633130 
633131 
633132 
633137 
633138 
633139 
633140 
633141 
633142 
633143 
633144 
633145 
633146 
633147 
633148 
633149 
633150 
633151 
633152 
633153 
633154 
633155 
633156 
633157 
633158 
633159 
633160 
633161 
633162 
633167 
633168 
633169 
633170 
633171 
633172 
633173 
633174 
633175 
633176 
633177 
633178 
633179 
633180 
633181 
633182 
633183 
633184 
633185 
633186 
633187 
633188 
633189 
633190 
633191 
633192 
633197 
633198 
633199 
633200 
633201 
633202 
633203 
633204 
633205 
633206 
633207 
633208 
633209 
633210 
633211 
633212 
633213 
633214 
633215 
633216 
633217 
633218 
633219 
633220 
633221 
633222 
633223 
633224 
633225 
633226 
633227 
633228 
633229 
633230 
633231 
633232 
633233 
633234 
633235 
633236 
633237 
633238 
633239 
633240 
633241 
633242 
633243 
633244 
633245 
633246 
633247 
633248 
633249 
633250 
633251 
633252 
633253 
633254 
633255 
633256 
633257 
633258 
633259 
633260 
633261 
633262 
633263 
633264 
633265 
633266 
633267 
633268 
633269 
633270 
633271 
633272 
633273 
633274 
633275 
633276 
633277 
633278 
633279 
633280 
633281 
633282 
633283 
633284 
633285 
633286 
633287 
633288 
633289 
633290 
633291 
633292 
633293 
633294 
633295 
633296 
633297 
633298 
633299 
633300 
633301 
633302 
633303 
633304 
633305 
633306 
633307 
633308 
633309 
633310 
633311 
633312 
633313 
633314 
633315 
633316 
633317 
633318 
633319 
633320 
633321 
633322 
633323 
633324 
633325 
633326 
633327 
633328 
633329 
633330 
633331 
633332 
633333 
633334 
633335 
633336 
633337 
633338 
633339 
633340 
633341 
633342 
633343 
633344 
633345 
633346 
633347 
633348 
633349 
633350 
633351 
633352 
633353 
633354 
633355 
633356 
633357 
633358 
633359 
633360 
633361 
633362 
633363 
633364 
633365 
633366 
633367 
633368 
633369 
633370 
633371 
633372 
633373 
633374 
633375 
633376 
633377 
633378 
633379 
633380 
633381 
633382 
633383 
633384 
633385 
633386 
633387 
633388 
633389 
633390 
633391 
633392 
633393 
633394 
633395 
633396 
633397 
633398 
633399 
633400 
633401 
633402 
633403 
633404 
633405 
633406 
633407 
633408 
633409 
633410 
633411 
633412 
633413 
633414 
633415 
633416 
633417 
633418 
633419 
633420 
633421 
633422 
633423 
633424 
633425 
633426 
633427 
633428 
633429 
633430 
633431 
633432 
633433 
633434 
633435 
633436 
633437 
633438 
633439 
633440 
633441 
633442 
633443 
633444 
633445 
633446 
633447 
633448 
633449 
633450 
633451 
633452 
633453 
633454 
633455 
633456 
633457 
633458 
633459 
633460 
633461 
633462 
633463 
633464 
633465 
633466 
633467 
633468 
633469 
633470 
633471 
633472 
633473 
633474 
633475 
633476 
633477 
633478 
633479 
633480 
633481 
633482 
633483 
633484 
633485 
633486 
633487 
633488 
633489 
633490 
633491 
633492 
633493 
633494 
633495 
633496 
633497 
633498 
633499 
633500 
633501 
633502 
633503 
633504 
633505 
633506 
633507 
633508 
633509 
633510 
633511 
633512 
633513 
633514 
633515 
633516 
633517 
633518 
633519 
633520 
633521 
633522 
633523 
633524 
633525 
633526 
633527 
633528 
633529 
633530 
633531 
633532 
633533 
633534 
633535 
633536 
633537 
633538 
633539 
633540 
633541 
633542 
633543 
633544 
633545 
633546 
633547 
633548 
633549 
633550 
633551 
633552 
633553 
633554 
633555 
633556 
633557 
633558 
633559 
633560 
633561 
633562 
633563 
633564 
633565 
633566 
633567 
633568 
633569 
633570 
633571 
633572 
633573 
633574 
633575 
633576 
633577 
633578 
633579 
633580 
633581 
633582 
633583 
633584 
633585 
633586 
633587 
633588 
633589 
633590 
633591 
633592 
633593 
633594 
633595 
633596 
633597 
633598 
633599 
632700 
632701 
632702 
632703 
632704 
632705 
632706 
632707 
632708 
632709 
632710 
632711 
632712 
632713 
632714 
632715 
632716 
632717 
632718 
632719 
632720 
632721 
632722 
632723 
632724 
632725 
632726 
632727 
632728 
632729 
632730 
632731 
632732 
632733 
632734 
632735 
632736 
632737 
632738 
632739 
632740 
632741 
632742 
632743 
632744 
632745 
632746 
632747 
632748 
632749 
632750 
632751 
632752 
632753 
632754 
632755 
632756 
632757 
632758 
632759 
632760 
632761 
632762 
632763 
632764 
632765 
632766 
632767 
632768 
632769 
632770 
632771 
632772 
632773 
632774 
632775 
632776 
632777 
632778 
632779 
632780 
632781 
632782 
632783 
632784 
632785 
632786 
632787 
632788 
632789 
632790 
632791 
632792 
632793 
632794 
632795 
632796 
632797 
632798 
632799 
632800 
632801 
632802 
632803 
632804 
632805 
632806 
632807 
632808 
632809 
632810 
632811 
632812 
632813 
632814 
632815 
632816 
632817 
632818 
632819 
632820 
632821 
632822 
632823 
632824 
632825 
632826 
632827 
632828 
632829 
632830 
632831 
)

// ************************************************************************* //
