/*--------------------------------*- C++ -*----------------------------------*\
| =========                 |                                                 |
| \\      /  F ield         | OpenFOAM: The Open Source CFD Toolbox           |
|  \\    /   O peration     | Version:  3.0.1                                 |
|   \\  /    A nd           | Web:      www.OpenFOAM.org                      |
|    \\/     M anipulation  |                                                 |
\*---------------------------------------------------------------------------*/
FoamFile
{
    version     2.0;
    format      ascii;
    class       cellSet;
    location    "constant/polyMesh/sets";
    object      jetCells;
}
// * * * * * * * * * * * * * * * * * * * * * * * * * * * * * * * * * * * * * //


3840
(
122880 
114691 
114692 
196615 
8207 
8208 
40978 
40979 
40980 
32791 
32792 
122907 
122908 
114719 
114720 
114721 
8235 
41007 
188464 
41008 
32819 
32820 
32821 
122935 
114748 
114749 
114750 
114751 
106564 
188491 
41035 
188492 
32848 
32849 
32850 
32851 
114778 
114779 
24668 
114780 
106591 
106592 
188519 
188520 
188521 
32878 
32879 
32880 
24695 
114807 
24696 
114808 
106619 
106620 
106621 
188548 
188549 
188550 
188551 
32907 
180364 
32908 
24723 
114835 
24724 
24725 
106648 
106649 
106650 
106651 
98464 
188578 
188579 
188580 
180391 
32935 
180392 
24752 
24753 
24754 
24755 
106678 
106679 
106680 
98491 
98492 
188607 
188608 
180419 
180420 
180421 
24782 
24783 
24784 
106707 
106708 
98519 
98520 
98521 
188635 
180448 
180449 
180450 
180451 
172264 
24811 
24812 
106735 
98548 
98549 
98550 
98551 
90364 
180478 
180479 
180480 
172291 
172292 
24839 
98578 
98579 
98580 
90391 
90392 
180507 
180508 
172319 
172320 
172321 
98607 
98608 
90419 
90420 
90421 
180535 
172348 
172349 
172350 
172351 
164164 
98635 
205134 
90448 
90449 
90450 
90451 
82264 
172378 
172379 
172380 
164191 
164192 
205161 
205162 
90478 
90479 
90480 
82291 
82292 
172407 
172408 
164219 
164220 
164221 
205189 
205190 
205191 
90507 
90508 
82319 
82320 
82321 
172435 
164248 
164249 
164250 
164251 
156064 
205218 
205219 
205220 
205221 
90535 
82348 
82349 
82350 
82351 
74164 
164278 
164279 
164280 
156091 
156092 
205248 
205249 
205250 
82378 
82379 
82380 
74191 
74192 
16850 
164307 
164308 
156119 
156120 
156121 
205277 
205278 
82407 
82408 
74219 
74220 
16877 
74221 
16878 
164335 
8688 
156148 
156149 
156150 
156151 
205305 
147964 
82435 
74248 
16905 
74249 
16906 
74250 
8715 
16907 
74251 
8716 
66064 
156178 
156179 
156180 
147991 
147992 
16934 
74278 
8743 
16935 
74279 
8744 
16936 
74280 
8745 
16937 
66091 
66092 
156207 
156208 
148019 
148020 
148021 
74307 
8772 
16964 
74308 
8773 
16965 
8774 
16966 
66119 
8775 
66120 
66121 
156235 
148048 
148049 
148050 
148051 
139864 
74335 
16993 
8802 
16994 
8803 
66148 
8804 
66149 
66150 
66151 
57964 
148078 
148079 
148080 
139891 
139892 
17021 
8831 
8832 
66178 
66179 
66180 
57991 
57992 
148107 
148108 
139919 
139920 
139921 
8859 
66207 
66208 
58019 
58020 
58021 
148135 
139948 
139949 
139950 
139951 
197299 
131764 
66235 
58048 
58049 
58050 
58051 
49864 
139978 
139979 
139980 
197326 
131791 
197327 
131792 
58078 
58079 
58080 
49891 
49892 
140007 
140008 
197354 
131819 
197355 
131820 
197356 
131821 
58107 
58108 
49919 
49920 
49921 
140035 
197383 
131848 
197384 
131849 
197385 
131850 
197386 
131851 
123664 
58135 
49948 
49949 
49950 
49951 
41764 
197413 
131878 
197414 
131879 
197415 
131880 
123691 
123692 
49978 
49979 
49980 
41791 
41792 
197442 
131907 
197443 
131908 
123719 
123720 
123721 
50007 
50008 
41819 
41820 
41821 
197470 
131935 
123748 
123749 
123750 
123751 
115564 
50035 
41848 
41849 
41850 
41851 
33664 
123778 
123779 
123780 
115591 
115592 
41878 
41879 
41880 
33691 
33692 
123807 
123808 
115619 
115620 
115621 
41907 
189364 
41908 
33719 
33720 
33721 
123835 
115648 
115649 
115650 
115651 
107464 
189391 
41935 
189392 
33748 
33749 
33750 
33751 
25565 
115678 
115679 
115680 
107491 
107492 
189419 
189420 
189421 
33778 
33779 
33780 
25592 
25593 
115707 
115708 
107519 
205824 
107520 
107521 
189448 
189449 
189450 
189451 
33807 
181264 
33808 
25620 
25621 
25622 
115735 
205851 
107548 
205852 
107549 
107550 
107551 
99364 
189478 
189479 
189480 
181291 
33835 
181292 
25649 
25650 
25651 
25652 
205879 
205880 
205881 
107578 
107579 
107580 
99391 
99392 
189507 
189508 
181319 
181320 
181321 
25679 
25680 
25681 
205908 
205909 
205910 
107607 
205911 
107608 
99419 
99420 
99421 
189535 
181348 
181349 
181350 
181351 
173164 
25708 
25709 
205938 
205939 
107635 
205940 
9335 
99448 
99449 
99450 
99451 
91264 
181378 
181379 
181380 
173191 
173192 
25736 
205967 
205968 
9362 
9363 
99478 
99479 
99480 
91291 
91292 
181407 
181408 
173219 
173220 
173221 
205995 
9390 
9391 
9392 
99507 
99508 
91319 
91320 
91321 
181435 
173248 
173249 
173250 
173251 
165064 
9419 
9420 
9421 
9422 
99535 
91348 
91349 
91350 
91351 
83164 
173278 
173279 
173280 
165091 
165092 
9449 
9450 
9451 
91378 
91379 
91380 
83191 
83192 
173307 
173308 
165119 
165120 
165121 
9478 
9479 
91407 
91408 
83219 
17684 
83220 
83221 
173335 
165148 
165149 
165150 
165151 
9506 
156964 
91435 
17711 
83248 
17712 
83249 
83250 
83251 
75064 
165178 
165179 
165180 
156991 
156992 
17739 
17740 
17741 
83278 
83279 
83280 
75091 
75092 
165207 
165208 
157019 
157020 
157021 
17768 
17769 
17770 
83307 
17771 
83308 
75119 
75120 
75121 
165235 
157048 
157049 
157050 
157051 
148864 
17798 
17799 
83335 
17800 
75148 
75149 
75150 
75151 
66964 
157078 
157079 
157080 
148891 
148892 
17827 
17828 
75178 
75179 
75180 
66991 
66992 
157107 
157108 
148919 
148920 
148921 
17855 
75207 
75208 
67019 
67020 
67021 
157135 
148948 
148949 
148950 
148951 
140764 
75235 
67048 
67049 
67050 
67051 
58864 
148978 
148979 
148980 
140791 
140792 
198144 
67078 
67079 
67080 
58891 
58892 
149007 
149008 
140819 
140820 
140821 
198171 
198172 
67107 
67108 
58919 
58920 
58921 
149035 
140848 
140849 
140850 
140851 
198199 
132664 
198200 
198201 
67135 
58948 
58949 
58950 
58951 
50764 
140878 
140879 
140880 
132691 
198228 
132692 
198229 
198230 
198231 
58978 
58979 
58980 
50791 
50792 
140907 
140908 
132719 
132720 
132721 
198258 
198259 
198260 
59007 
59008 
50819 
50820 
50821 
140935 
132748 
132749 
132750 
198287 
132751 
198288 
124564 
59035 
206493 
50848 
50849 
50850 
50851 
42664 
132778 
132779 
198315 
132780 
124591 
124592 
206520 
206521 
50878 
50879 
50880 
42691 
42692 
132807 
132808 
124619 
124620 
124621 
206548 
206549 
206550 
50907 
50908 
42719 
42720 
42721 
132835 
124648 
124649 
124650 
124651 
116464 
206577 
206578 
206579 
206580 
50935 
42748 
42749 
42750 
42751 
34564 
124678 
124679 
124680 
116491 
116492 
206607 
206608 
206609 
10004 
42778 
42779 
42780 
34591 
34592 
124707 
124708 
116519 
116520 
116521 
206636 
206637 
10031 
10032 
190263 
42807 
42808 
34619 
34620 
34621 
124735 
116548 
116549 
116550 
116551 
206664 
10059 
108364 
10060 
10061 
190290 
190291 
42835 
34648 
34649 
34650 
34651 
26464 
116578 
116579 
116580 
108391 
10088 
108392 
10089 
10090 
10091 
190318 
190319 
190320 
34678 
34679 
34680 
26491 
26492 
116607 
116608 
108419 
108420 
108421 
10118 
10119 
10120 
190347 
190348 
190349 
190350 
34707 
182164 
34708 
26519 
26520 
26521 
116635 
108448 
108449 
108450 
10147 
108451 
10148 
100264 
190377 
190378 
190379 
182191 
34735 
182192 
26548 
26549 
26550 
26551 
108478 
108479 
10175 
108480 
100291 
100292 
190406 
190407 
182219 
182220 
182221 
26578 
26579 
26580 
108507 
108508 
100319 
100320 
100321 
190434 
182248 
182249 
182250 
182251 
26607 
174064 
26608 
108535 
100348 
100349 
100350 
100351 
92164 
182278 
182279 
182280 
174091 
26635 
174092 
100378 
100379 
100380 
92191 
92192 
182307 
182308 
174119 
174120 
174121 
100407 
100408 
92219 
92220 
92221 
182335 
174148 
174149 
174150 
174151 
165964 
100435 
92248 
92249 
92250 
92251 
84064 
18529 
174178 
174179 
174180 
165991 
165992 
92278 
92279 
92280 
84091 
18556 
84092 
18557 
174207 
174208 
166019 
166020 
166021 
92307 
92308 
84119 
18584 
84120 
18585 
84121 
18586 
174235 
166048 
166049 
166050 
166051 
157864 
92335 
84148 
18613 
84149 
18614 
84150 
18615 
84151 
18616 
75964 
166078 
166079 
166080 
157891 
157892 
84178 
18643 
84179 
18644 
84180 
18645 
75991 
75992 
166107 
166108 
157919 
157920 
157921 
84207 
18672 
84208 
18673 
76019 
76020 
76021 
166135 
157948 
157949 
157950 
157951 
149764 
84235 
18700 
76048 
76049 
76050 
76051 
67864 
157978 
157979 
157980 
149791 
149792 
207140 
76078 
76079 
76080 
67891 
67892 
158007 
158008 
149819 
149820 
149821 
207167 
207168 
198978 
76107 
76108 
67919 
67920 
67921 
158035 
149848 
149849 
149850 
207195 
149851 
207196 
199005 
207197 
199006 
141664 
76135 
67948 
67949 
67950 
67951 
59764 
149878 
149879 
207224 
149880 
199033 
207225 
199034 
207226 
141691 
199035 
207227 
141692 
67978 
67979 
67980 
59791 
59792 
149907 
149908 
199062 
207254 
141719 
199063 
207255 
141720 
199064 
207256 
141721 
199065 
68007 
68008 
59819 
59820 
59821 
149935 
207283 
141748 
199092 
207284 
141749 
199093 
141750 
199094 
141751 
133564 
68035 
10694 
59848 
59849 
59850 
59851 
207311 
51664 
199121 
141778 
199122 
141779 
141780 
133591 
133592 
10721 
10722 
59878 
59879 
59880 
51691 
51692 
199149 
141807 
141808 
133619 
133620 
133621 
10749 
10750 
10751 
59907 
59908 
51719 
51720 
51721 
141835 
133648 
133649 
133650 
133651 
125464 
10778 
10779 
10780 
10781 
59935 
51748 
51749 
51750 
51751 
43564 
133678 
133679 
133680 
125491 
125492 
10808 
10809 
10810 
51778 
51779 
51780 
43591 
43592 
133707 
133708 
125519 
125520 
125521 
10837 
10838 
51807 
51808 
43619 
43620 
43621 
133735 
125548 
125549 
125550 
125551 
10865 
117364 
51835 
43648 
43649 
43650 
43651 
35464 
125578 
125579 
125580 
117391 
117392 
43678 
43679 
43680 
35491 
35492 
125607 
125608 
117419 
117420 
117421 
191160 
43707 
43708 
35519 
35520 
35521 
125635 
117448 
117449 
117450 
117451 
109264 
191187 
191188 
43735 
35548 
35549 
35550 
35551 
27364 
117478 
117479 
117480 
109291 
109292 
191215 
191216 
191217 
35578 
35579 
35580 
27391 
27392 
117507 
117508 
109319 
109320 
109321 
191244 
191245 
191246 
191247 
35607 
183064 
35608 
27419 
27420 
27421 
117535 
109348 
109349 
109350 
109351 
191274 
191275 
101164 
191276 
183091 
35635 
183092 
27448 
27449 
27450 
27451 
109378 
109379 
109380 
101191 
191303 
101192 
191304 
183119 
183120 
183121 
27478 
27479 
27480 
109407 
109408 
101219 
191331 
101220 
101221 
183148 
183149 
183150 
183151 
27507 
174964 
27508 
109435 
101248 
101249 
101250 
101251 
93064 
183178 
183179 
183180 
174991 
27535 
174992 
207764 
101278 
101279 
101280 
93091 
93092 
183207 
183208 
175019 
175020 
175021 
207791 
207792 
19384 
101307 
101308 
93119 
93120 
93121 
183235 
175048 
175049 
175050 
207819 
175051 
207820 
207821 
166864 
19411 
19412 
101335 
93148 
93149 
93150 
93151 
84964 
175078 
175079 
207848 
175080 
207849 
207850 
166891 
207851 
166892 
19439 
19440 
19441 
93178 
93179 
93180 
84991 
84992 
175107 
175108 
207878 
166919 
207879 
166920 
207880 
166921 
19468 
19469 
19470 
19471 
93207 
93208 
85019 
85020 
85021 
175135 
207907 
166948 
207908 
166949 
166950 
166951 
19498 
19499 
158764 
19500 
93235 
85048 
85049 
85050 
85051 
207935 
76864 
166978 
166979 
166980 
158791 
19527 
158792 
19528 
85078 
85079 
85080 
76891 
76892 
167007 
167008 
158819 
19555 
158820 
158821 
85107 
85108 
76919 
199800 
76920 
76921 
167035 
158848 
158849 
158850 
158851 
150664 
11404 
85135 
199827 
76948 
199828 
76949 
76950 
76951 
68764 
158878 
158879 
158880 
150691 
150692 
11431 
11432 
199855 
199856 
199857 
76978 
76979 
76980 
68791 
68792 
158907 
158908 
150719 
150720 
150721 
11459 
11460 
11461 
199884 
199885 
199886 
77007 
199887 
77008 
68819 
68820 
68821 
158935 
150748 
150749 
150750 
150751 
11488 
11489 
11490 
11491 
142564 
199914 
199915 
77035 
199916 
68848 
68849 
68850 
68851 
60664 
150778 
150779 
150780 
11518 
142591 
11519 
142592 
11520 
199943 
199944 
68878 
68879 
68880 
60691 
60692 
150807 
150808 
142619 
11547 
142620 
11548 
142621 
199971 
68907 
68908 
60719 
60720 
60721 
150835 
11575 
142648 
142649 
142650 
142651 
134464 
68935 
60748 
60749 
60750 
60751 
52564 
142678 
142679 
142680 
134491 
134492 
60778 
60779 
60780 
52591 
52592 
142707 
142708 
134519 
134520 
134521 
60807 
60808 
52619 
52620 
52621 
142735 
134548 
134549 
134550 
134551 
126364 
60835 
52648 
52649 
52650 
52651 
44464 
134578 
134579 
134580 
126391 
126392 
52678 
52679 
52680 
44491 
44492 
134607 
134608 
126419 
126420 
126421 
52707 
52708 
44519 
44520 
44521 
134635 
208364 
126448 
126449 
126450 
126451 
118264 
52735 
44548 
44549 
44550 
208391 
44551 
208392 
36364 
126478 
126479 
126480 
118291 
118292 
44578 
208419 
44579 
208420 
44580 
208421 
36391 
36392 
126507 
126508 
118319 
118320 
118321 
192054 
3640 
44607 
208448 
44608 
208449 
208450 
36419 
208451 
36420 
36421 
126535 
118348 
118349 
118350 
118351 
192081 
192082 
110164 
44635 
208478 
208479 
36448 
208480 
36449 
36450 
36451 
28264 
118378 
118379 
118380 
192109 
192110 
110191 
192111 
110192 
208507 
208508 
36478 
36479 
36480 
28291 
28292 
118407 
118408 
192138 
110219 
192139 
110220 
192140 
110221 
192141 
208535 
36507 
183964 
36508 
28319 
28320 
28321 
118435 
110248 
192168 
110249 
192169 
110250 
192170 
110251 
102064 
183991 
36535 
183992 
28348 
28349 
28350 
28351 
192197 
110278 
192198 
110279 
110280 
102091 
102092 
184019 
184020 
184021 
28378 
28379 
28380 
192225 
110307 
110308 
102119 
102120 
102121 
184048 
184049 
184050 
184051 
28407 
175864 
28408 
110335 
102148 
102149 
102150 
102151 
93964 
184078 
184079 
184080 
175891 
28435 
175892 
20248 
102178 
102179 
102180 
93991 
93992 
184107 
184108 
175919 
175920 
175921 
20275 
20276 
102207 
102208 
94019 
94020 
94021 
184135 
175948 
175949 
175950 
20303 
175951 
20304 
20305 
167764 
102235 
94048 
94049 
94050 
94051 
12133 
85864 
175978 
175979 
20332 
175980 
20333 
20334 
167791 
20335 
167792 
94078 
94079 
12160 
94080 
12161 
85891 
85892 
176007 
176008 
20362 
167819 
20363 
167820 
20364 
167821 
94107 
12188 
94108 
12189 
12190 
85919 
85920 
200609 
85921 
176035 
20391 
167848 
20392 
167849 
167850 
167851 
159664 
4018 
94135 
12217 
12218 
12219 
85948 
200636 
12220 
85949 
200637 
85950 
85951 
20419 
77764 
167878 
167879 
167880 
159691 
159692 
4045 
4046 
12247 
200664 
12248 
200665 
12249 
85978 
200666 
85979 
85980 
77791 
77792 
167907 
167908 
159719 
159720 
159721 
12276 
200693 
12277 
200694 
86007 
200695 
86008 
200696 
77819 
77820 
77821 
167935 
159748 
159749 
159750 
159751 
151564 
12304 
200723 
86035 
200724 
200725 
77848 
77849 
77850 
77851 
69664 
159778 
159779 
159780 
151591 
151592 
208939 
200752 
200753 
77878 
77879 
77880 
69691 
69692 
159807 
159808 
151619 
151620 
151621 
208966 
208967 
200780 
77907 
77908 
69719 
69720 
69721 
159835 
151648 
151649 
208994 
151650 
208995 
151651 
208996 
143464 
77935 
69748 
69749 
69750 
69751 
61564 
151678 
209023 
151679 
209024 
151680 
209025 
209026 
143491 
143492 
69778 
69779 
69780 
61591 
61592 
151707 
151708 
209053 
209054 
143519 
209055 
143520 
143521 
69807 
69808 
61619 
61620 
61621 
151735 
209082 
209083 
143548 
143549 
143550 
143551 
135364 
69835 
61648 
61649 
61650 
61651 
209110 
53464 
143578 
143579 
143580 
135391 
135392 
61678 
61679 
61680 
53491 
53492 
143607 
143608 
135419 
135420 
135421 
61707 
61708 
53519 
53520 
53521 
143635 
135448 
135449 
135450 
135451 
127264 
61735 
53548 
53549 
53550 
53551 
45364 
135478 
135479 
135480 
127291 
127292 
4424 
53578 
53579 
53580 
45391 
45392 
135507 
135508 
127319 
127320 
127321 
4451 
4452 
53607 
53608 
45419 
45420 
45421 
135535 
127348 
127349 
127350 
127351 
119164 
4479 
4480 
4481 
53635 
45448 
45449 
45450 
45451 
37264 
127378 
127379 
127380 
119191 
119192 
45478 
45479 
45480 
37291 
37292 
127407 
192944 
127408 
119219 
119220 
119221 
45507 
45508 
37319 
37320 
37321 
192971 
127435 
192972 
119248 
119249 
119250 
119251 
111064 
45535 
37348 
37349 
37350 
192999 
37351 
193000 
193001 
29164 
119278 
119279 
119280 
111091 
111092 
37378 
37379 
193028 
37380 
193029 
193030 
29191 
193031 
29192 
119307 
119308 
111119 
111120 
111121 
37407 
184864 
37408 
193058 
29219 
193059 
29220 
193060 
29221 
119335 
111148 
111149 
111150 
111151 
102964 
184891 
37435 
184892 
193087 
29248 
193088 
29249 
29250 
29251 
111178 
111179 
111180 
102991 
209488 
12880 
102992 
184919 
184920 
184921 
193115 
29278 
29279 
29280 
111207 
111208 
103019 
209515 
12907 
103020 
209516 
12908 
103021 
184948 
184949 
184950 
184951 
29307 
176764 
29308 
21120 
111235 
209543 
12935 
103048 
209544 
12936 
103049 
209545 
12937 
103050 
103051 
94864 
184978 
184979 
184980 
176791 
29335 
176792 
21147 
21148 
209572 
12964 
209573 
12965 
103078 
209574 
12966 
103079 
209575 
12967 
103080 
94891 
94892 
185007 
185008 
176819 
176820 
176821 
21175 
21176 
21177 
201404 
209602 
12994 
103107 
209603 
12995 
103108 
209604 
12996 
94919 
94920 
94921 
185035 
176848 
176849 
176850 
176851 
21204 
21205 
21206 
201431 
21207 
168664 
201432 
209631 
13023 
103135 
209632 
13024 
94948 
94949 
94950 
94951 
86764 
176878 
176879 
176880 
21234 
201459 
168691 
21235 
201460 
168692 
21236 
201461 
4859 
209659 
13051 
94978 
94979 
94980 
86791 
86792 
176907 
176908 
168719 
21263 
201488 
168720 
21264 
201489 
168721 
201490 
201491 
4886 
4887 
95007 
95008 
86819 
86820 
86821 
176935 
21291 
168748 
168749 
201518 
168750 
201519 
168751 
201520 
4914 
4915 
160564 
4916 
95035 
86848 
86849 
86850 
86851 
78664 
168778 
201547 
168779 
201548 
168780 
4943 
160591 
4944 
160592 
4945 
4946 
86878 
86879 
86880 
78691 
78692 
168807 
201575 
168808 
160619 
160620 
160621 
86907 
86908 
78719 
78720 
78721 
168835 
160648 
160649 
160650 
160651 
152464 
86935 
78748 
78749 
78750 
78751 
70564 
160678 
160679 
160680 
152491 
152492 
78778 
78779 
78780 
70591 
70592 
160707 
160708 
152519 
152520 
152521 
78807 
78808 
70619 
70620 
70621 
160735 
152548 
152549 
152550 
152551 
144364 
78835 
70648 
70649 
70650 
70651 
62464 
152578 
152579 
152580 
144391 
144392 
70678 
70679 
70680 
62491 
62492 
152607 
152608 
144419 
144420 
144421 
70707 
70708 
62519 
62520 
62521 
152635 
144448 
144449 
144450 
144451 
136264 
70735 
62548 
62549 
62550 
62551 
54364 
144478 
144479 
144480 
136291 
136292 
62578 
62579 
62580 
210037 
210038 
54391 
54392 
144507 
144508 
136319 
136320 
136321 
62607 
62608 
210065 
210066 
54419 
210067 
54420 
54421 
144535 
136348 
136349 
136350 
136351 
128164 
62635 
210094 
210095 
54448 
210096 
54449 
210097 
54450 
54451 
46264 
136378 
136379 
136380 
128191 
128192 
5324 
210124 
210125 
54478 
210126 
54479 
54480 
46291 
46292 
136407 
136408 
128219 
128220 
128221 
5351 
5352 
210153 
210154 
54507 
54508 
46319 
46320 
46321 
136435 
128248 
128249 
128250 
128251 
120064 
5379 
5380 
5381 
210181 
54535 
46348 
46349 
46350 
46351 
38164 
128278 
128279 
128280 
120091 
120092 
5408 
5409 
5410 
5411 
193829 
46378 
46379 
46380 
38191 
38192 
128307 
128308 
120119 
120120 
120121 
5438 
5439 
193856 
5440 
193857 
46407 
46408 
38219 
13644 
38220 
38221 
128335 
120148 
120149 
120150 
120151 
193884 
111964 
193885 
193886 
46435 
13671 
38248 
13672 
38249 
38250 
38251 
30064 
120178 
120179 
120180 
111991 
111992 
193913 
193914 
193915 
193916 
13699 
13700 
13701 
38278 
38279 
38280 
30091 
30092 
120207 
120208 
112019 
112020 
112021 
193943 
193944 
193945 
13728 
13729 
13730 
38307 
13731 
185764 
38308 
30119 
30120 
30121 
120235 
112048 
112049 
112050 
112051 
193972 
193973 
103864 
13758 
185791 
13759 
38335 
185792 
13760 
30148 
30149 
30150 
30151 
202184 
112078 
112079 
194000 
112080 
103891 
103892 
185819 
13787 
185820 
13788 
185821 
30178 
202211 
30179 
202212 
30180 
112107 
112108 
103919 
21999 
103920 
103921 
13815 
185848 
185849 
185850 
185851 
202239 
30207 
177664 
202240 
30208 
202241 
112135 
22026 
22027 
103948 
103949 
103950 
103951 
95764 
185878 
185879 
185880 
177691 
30235 
202268 
177692 
202269 
202270 
202271 
22054 
22055 
22056 
103978 
103979 
103980 
95791 
95792 
185907 
185908 
177719 
177720 
177721 
202298 
202299 
202300 
22083 
22084 
22085 
22086 
104007 
104008 
95819 
95820 
95821 
185935 
177748 
177749 
177750 
202327 
177751 
202328 
169564 
22113 
22114 
104035 
22115 
95848 
95849 
95850 
95851 
87664 
177778 
177779 
202355 
177780 
169591 
169592 
22142 
210559 
22143 
210560 
210561 
95878 
95879 
95880 
87691 
87692 
177807 
177808 
169619 
169620 
169621 
22170 
210588 
210589 
210590 
210591 
95907 
95908 
87719 
87720 
87721 
177835 
169648 
169649 
169650 
169651 
161464 
5818 
210618 
210619 
210620 
95935 
87748 
87749 
87750 
87751 
79564 
169678 
169679 
169680 
161491 
161492 
5845 
5846 
210647 
210648 
87778 
87779 
87780 
79591 
79592 
169707 
169708 
161519 
161520 
5873 
161521 
5874 
5875 
210675 
87807 
87808 
79619 
79620 
79621 
169735 
161548 
161549 
5902 
161550 
5903 
161551 
5904 
5905 
153364 
87835 
79648 
79649 
79650 
79651 
71464 
161578 
161579 
5932 
161580 
5933 
5934 
153391 
153392 
79678 
79679 
79680 
71491 
71492 
161607 
161608 
5961 
5962 
153419 
153420 
153421 
79707 
79708 
71519 
71520 
71521 
161635 
153448 
153449 
153450 
153451 
145264 
79735 
71548 
71549 
71550 
71551 
63364 
153478 
153479 
153480 
145291 
145292 
71578 
71579 
71580 
63391 
63392 
153507 
153508 
145319 
145320 
145321 
71607 
71608 
63419 
63420 
63421 
153535 
145348 
145349 
145350 
145351 
137164 
71635 
63448 
63449 
63450 
63451 
55264 
145378 
145379 
145380 
137191 
137192 
63478 
63479 
63480 
55291 
55292 
145407 
145408 
137219 
137220 
137221 
63507 
63508 
55319 
55320 
55321 
145435 
137248 
137249 
137250 
137251 
129064 
63535 
55348 
55349 
55350 
55351 
47164 
137278 
137279 
137280 
129091 
129092 
55378 
55379 
55380 
47191 
14424 
47192 
137307 
137308 
129119 
129120 
129121 
211053 
211054 
55407 
211055 
55408 
211056 
47219 
14451 
47220 
14452 
47221 
137335 
129148 
129149 
129150 
129151 
120964 
211083 
55435 
211084 
211085 
14479 
47248 
14480 
47249 
14481 
47250 
47251 
194708 
39064 
129178 
129179 
129180 
120991 
120992 
211112 
211113 
14508 
14509 
47278 
14510 
194735 
47279 
14511 
194736 
47280 
39091 
39092 
129207 
129208 
121019 
121020 
121021 
202948 
6340 
211140 
14538 
194763 
47307 
14539 
194764 
47308 
14540 
194765 
39119 
39120 
39121 
129235 
121048 
121049 
121050 
121051 
202975 
6367 
112864 
202976 
6368 
14567 
47335 
194792 
14568 
194793 
194794 
194795 
39148 
39149 
39150 
39151 
30964 
121078 
121079 
121080 
203003 
6395 
112891 
203004 
6396 
112892 
203005 
6397 
14595 
194822 
194823 
194824 
39178 
39179 
39180 
30991 
30992 
121107 
121108 
112919 
203032 
6424 
112920 
203033 
6425 
112921 
203034 
6426 
203035 
6427 
194851 
194852 
39207 
186664 
39208 
31019 
31020 
31021 
121135 
112948 
112949 
203062 
6454 
112950 
203063 
6455 
112951 
203064 
6456 
104764 
194879 
186691 
39235 
186692 
31048 
31049 
31050 
31051 
112978 
203091 
6483 
112979 
203092 
6484 
112980 
104791 
104792 
186719 
186720 
186721 
22884 
31078 
31079 
31080 
113007 
203119 
6511 
113008 
104819 
104820 
104821 
186748 
186749 
186750 
22911 
186751 
22912 
31107 
178564 
31108 
113035 
104848 
104849 
104850 
104851 
96664 
186778 
22939 
186779 
22940 
186780 
22941 
178591 
31135 
178592 
104878 
104879 
104880 
96691 
96692 
186807 
22968 
186808 
22969 
22970 
178619 
22971 
178620 
178621 
104907 
104908 
96719 
96720 
96721 
186835 
22998 
22999 
178648 
23000 
178649 
178650 
178651 
170464 
104935 
96748 
96749 
96750 
96751 
23027 
88564 
23028 
178678 
178679 
178680 
170491 
170492 
96778 
96779 
96780 
88591 
23055 
88592 
178707 
178708 
170519 
170520 
170521 
96807 
96808 
88619 
88620 
88621 
178735 
170548 
170549 
170550 
170551 
162364 
211518 
211519 
211520 
96835 
88648 
88649 
88650 
88651 
80464 
170578 
170579 
170580 
162391 
162392 
211547 
211548 
88678 
88679 
88680 
80491 
80492 
170607 
170608 
162419 
162420 
162421 
211575 
88707 
88708 
80519 
80520 
80521 
170635 
162448 
162449 
162450 
162451 
154264 
88735 
80548 
80549 
80550 
80551 
72364 
162478 
162479 
162480 
154291 
154292 
80578 
80579 
80580 
72391 
72392 
162507 
162508 
154319 
154320 
154321 
80607 
80608 
72419 
72420 
72421 
162535 
6889 
154348 
154349 
154350 
154351 
146164 
80635 
72448 
72449 
72450 
72451 
6916 
6917 
64264 
154378 
154379 
154380 
146191 
146192 
72478 
72479 
6944 
72480 
6945 
6946 
64291 
64292 
154407 
154408 
146219 
146220 
146221 
72507 
72508 
6973 
6974 
64319 
6975 
64320 
6976 
64321 
154435 
146248 
146249 
146250 
146251 
138064 
72535 
7003 
64348 
7004 
64349 
7005 
64350 
64351 
56164 
146278 
146279 
146280 
138091 
138092 
15219 
7032 
7033 
64378 
64379 
64380 
56191 
56192 
146307 
146308 
138119 
138120 
138121 
15246 
15247 
7060 
64407 
64408 
56219 
56220 
56221 
146335 
138148 
138149 
138150 
138151 
15274 
15275 
129964 
15276 
203695 
64435 
56248 
56249 
56250 
56251 
48064 
138178 
138179 
138180 
15303 
129991 
15304 
129992 
15305 
203722 
15306 
203723 
56278 
56279 
56280 
48091 
48092 
138207 
138208 
130019 
130020 
15333 
130021 
203750 
15334 
203751 
15335 
203752 
211953 
211954 
56307 
56308 
48119 
48120 
48121 
138235 
195580 
130048 
130049 
15362 
130050 
203779 
15363 
130051 
203780 
203781 
203782 
121864 
211981 
56335 
48148 
48149 
48150 
195607 
48151 
195608 
39964 
130078 
15390 
130079 
130080 
203809 
203810 
121891 
203811 
121892 
48178 
195635 
48179 
195636 
48180 
195637 
39991 
39992 
130107 
130108 
203838 
121919 
203839 
121920 
121921 
48207 
195664 
48208 
195665 
195666 
40019 
195667 
40020 
40021 
130135 
203866 
121948 
121949 
121950 
121951 
113764 
48235 
195694 
195695 
40048 
195696 
40049 
40050 
40051 
31864 
121978 
121979 
121980 
113791 
113792 
195723 
195724 
40078 
40079 
40080 
31891 
31892 
122007 
122008 
113819 
113820 
113821 
195751 
40107 
187564 
40108 
31919 
31920 
31921 
122035 
113848 
113849 
113850 
113851 
105664 
187591 
40135 
187592 
31948 
31949 
31950 
31951 
113878 
113879 
113880 
105691 
105692 
23774 
187619 
187620 
187621 
31978 
31979 
31980 
113907 
113908 
105719 
105720 
23801 
105721 
23802 
187648 
187649 
187650 
187651 
32007 
179464 
32008 
113935 
105748 
23829 
105749 
23830 
105750 
23831 
105751 
97564 
187678 
187679 
187680 
179491 
32035 
179492 
7464 
23858 
105778 
23859 
105779 
23860 
105780 
23861 
97591 
97592 
187707 
187708 
179519 
179520 
179521 
7491 
7492 
105807 
23888 
105808 
23889 
23890 
97619 
97620 
97621 
187735 
179548 
179549 
179550 
7519 
179551 
7520 
7521 
171364 
105835 
23917 
23918 
97648 
97649 
97650 
97651 
89464 
179578 
179579 
7548 
179580 
7549 
7550 
171391 
7551 
171392 
212359 
23945 
97678 
97679 
97680 
89491 
89492 
179607 
179608 
7578 
171419 
7579 
171420 
7580 
171421 
97707 
97708 
89519 
89520 
89521 
179635 
7607 
171448 
7608 
171449 
171450 
171451 
163264 
97735 
89548 
89549 
89550 
89551 
7635 
81364 
171478 
171479 
171480 
163291 
163292 
89578 
89579 
89580 
81391 
81392 
171507 
171508 
163319 
163320 
163321 
89607 
89608 
81419 
81420 
81421 
171535 
163348 
163349 
163350 
163351 
155164 
89635 
81448 
81449 
81450 
81451 
73264 
163378 
163379 
163380 
155191 
155192 
81478 
81479 
81480 
73291 
73292 
163407 
163408 
155219 
155220 
155221 
81507 
81508 
73319 
73320 
73321 
163435 
155248 
155249 
155250 
155251 
147064 
81535 
73348 
73349 
73350 
73351 
204424 
65164 
155278 
155279 
155280 
147091 
147092 
16028 
73378 
204451 
73379 
204452 
73380 
65191 
65192 
155307 
155308 
147119 
147120 
147121 
16055 
16056 
204479 
73407 
204480 
73408 
204481 
65219 
65220 
65221 
155335 
147148 
147149 
147150 
147151 
16083 
138964 
16084 
16085 
73435 
204508 
204509 
204510 
204511 
65248 
65249 
65250 
65251 
57064 
147178 
147179 
147180 
138991 
16112 
138992 
16113 
16114 
16115 
204538 
204539 
204540 
65278 
65279 
65280 
57091 
57092 
147207 
147208 
139019 
139020 
139021 
16142 
16143 
16144 
204567 
204568 
65307 
65308 
57119 
57120 
57121 
147235 
139048 
139049 
139050 
16171 
139051 
16172 
130864 
204595 
65335 
57148 
57149 
57150 
57151 
48964 
139078 
139079 
16199 
139080 
130891 
130892 
57178 
57179 
196444 
57180 
48991 
48992 
139107 
139108 
130919 
130920 
130921 
196471 
57207 
196472 
57208 
49019 
49020 
49021 
139135 
8064 
130948 
130949 
130950 
130951 
122764 
196499 
57235 
196500 
196501 
49048 
49049 
49050 
8091 
49051 
8092 
40864 
130978 
130979 
130980 
122791 
122792 
196528 
196529 
196530 
196531 
49078 
8119 
49079 
8120 
49080 
8121 
40891 
40892 
131007 
131008 
122819 
122820 
122821 
196558 
196559 
196560 
49107 
8148 
49108 
8149 
8150 
40919 
8151 
40920 
40921 
131035 
122848 
122849 
122850 
122851 
114664 
196587 
196588 
49135 
8178 
8179 
40948 
8180 
40949 
40950 
40951 
32764 
122878 
122879 
)

// ************************************************************************* //
